351765
9499953
9524498
218972
376794
439893
124374
99645
364926
9509250
221992
9590234
309098
9578104
418423
450663
235554
462854
176354
251705
459129
459770
77335
375217
430884
118719
188571
259974
488151
9463669
277560
251215
369988
452021
457598
385838
381632
9485101
9542739
9582934
243743
66885
317712
283439
9466487
79343
69855
318544
9548904
9527129
9553482
213062
141822
406370
320709
232800
9592266
16470
9541161
309162
207431
191894
440337
310144
479989
363926
195849
9493962
299730
362395
402123
194520
418091
172198
9466023
232599
75146
9541882
197947
358007
9481539
440031
9594676
186929
419861
129854
106226
9593794
453143
13188
285425
335375
9571806
382608
9725
52862
84930
414007
373027
131364
258009
260237
318601
9512109
204396
321981
353538
13934
334734
463053
9591702
9483781
269505
108112
9512710
9461945
200081
299213
289536
9590223
176664
388281
393944
9528811
487526
9528437
297773
9577874
309828
410953
9530345
9490786
9570531
236127
9578275
421661
47005
9468772
381993
304080
315762
114730
9500093
387191
9586406
482994
371705
9486998
9590785
452753
9599753
444151
9478146
117363
9497599
6876
432005
318021
9582500
379918
9564857
369007
208159
338277
9572179
87199
9579968
308294
377589
9599837
9488774
9589022
153684
9481741
9506216
3408
9600824
390639
355178
9466667
441838
9517117
414611
9564935
197675
343025
393376
9578629
98475
315930
9499651
9526066
244708
160455
357972
374873
258787
11508
444717
9533589
9589012
221630
9555856
9506567
427846
9548990
131569
9522385
9497067
224627
166404
419450
292060
55896
9577693
9472634
9462254
267864
150716
342354
337447
273501
262992
346795
455992
9546698
9550994
293366
49849
51541
321737
9530724
9571545
9545408
136464
9574638
9529575
208356
9509153
311937
491455
198317
367235
217072
246654
171635
422688
9512471
381669
139360
9521151
305736
197470
9561998
9576533
188795
288383
9546317
179056
230884
9501842
9573478
164749
458469
410734
270976
221139
389765
183206
9557897
210119
328368
335319
62189
76651
172584
11921
168085
424466
9469863
396217
422848
281170
174457
9559979
338262
9463987
333461
136288
240537
228546
9543808
321841
252856
284417
9561899
72445
374524
9597229
369741
337065
9575358
307422
120233
75551
402281
148801
310358
9554787
396515
410365
9543926
9601295
389245
417464
394385
9513879
357824
199507
118189
9582916
115177
9522559
9497318
452660
165209
132220
9536537
496497
9588411
174373
409670
6889
9589916
403476
307752
9565029
173571
150839
256567
454611
9546519
9500236
219309
298179
9472143
9477357
244839
220634
9599746
170477
406121
141630
378845
367314
310936
385120
192941
152591
9574270
9547713
9526788
240916
461626
315461
314188
247486
9478214
74308
87122
115953
488008
145486
183368
265889
9468321
9511583
439479
343469
393679
333459
9566438
326398
366155
391597
209854
116703
9543566
9515192
9561612
9527460
324120
218817
320515
111988
174376
284379
412639
334162
199795
398227
308395
383857
279800
9533961
9516557
9535322
9461655
323212
9599176
9595669
9555616
282817
359294
242254
246512
9542676
387162
195373
155605
492792
389253
9523947
259960
9489401
397060
135391
9504758
9475950
9570034
142921
464279
324611
405041
9484979
115981
9584521
72022
213988
351656
164518
165303
128707
227570
416013
277642
165386
348648
192424
417346
9495812
51717
9513857
58807
9488794
9590853
79
140852
138712
82480
9542672
9476385
9490065
9466682
9550617
438794
233867
361228
139186
413526
187424
77398
416416
150505
413226
134700
125334
9564522
212727
9540389
305470
17407
155892
9464879
9594272
437847
367842
409979
313480
211833
228529
9462294
431968
467496
423673
187267
9576587
9464301
63443
9554329
447458
487145
344779
9514295
9478706
9519410
209625
141224
154434
301339
459075
373883
385218
392067
373535
9600577
364353
354895
9462030
1678
411333
283627
9589363
196388
255330
439823
4882
243498
481091
9529869
9588079
380613
412614
9569452
9494295
176394
394492
117182
9519444
366407
186757
280991
360651
9559523
476544
9562308
172712
104703
398404
9518109
9549344
105603
159537
9590172
219616
9592628
9471282
488818
458775
259745
9585958
204156
9545882
470336
9601722
236666
346381
168953
199989
423149
117998
61012
356704
469235
199985
426116
9505705
220075
177934
362202
13210
419417
311849
179077
9482927
254589
9535391
216046
345177
316996
114693
12822
9495596
9523529
214894
397153
168177
322310
469294
9549412
9543107
384012
439730
111759
421962
464489
397503
415743
174941
9560835
148314
193177
45166
9500298
409947
9542774
9530503
261192
308388
404336
404481
9498528
470135
155163
9477882
290356
466772
9563009
270038
224668
186422
377119
456711
208071
386524
57924
9553907
9579318
381302
396139
9531610
125189
295397
328001
152372
340859
270523
129291
356266
103789
381390
349115
184666
9589479
101720
394517
19413
9539320
126476
9584534
9523018
339515
118353
454292
412935
165322
9567236
490205
443797
319778
128747
466809
364692
256295
9597779
9508568
250064
9535314
420495
224424
337193
9591289
9535094
9491160
299675
9520342
319346
292634
9581212
42143
472147
310320
146208
160963
263005
9586243
76692
142792
17966
445254
338453
363239
9568836
9580183
9576856
9575319
359126
12062
9573116
423026
9591328
9557881
418910
411900
195840
9571146
395606
9559197
9579418
206291
9578396
9553953
74018
9593926
9582700
207388
269776
441797
9467152
492789
235356
288274
9542144
481638
418545
189331
9558722
9494820
9585648
266628
373785
404994
252019
9512785
9601155
9490977
9600244
139359
422515
9598389
9518682
240282
429663
436974
420646
9492652
183404
225984
192772
192334
228222
212482
225886
446655
9541458
185345
371484
298692
9558344
371966
139742
175566
245440
9529327
9513535
120410
424732
9552630
202874
9600052
370064
274555
356645
322048
285356
9487310
109798
136752
9507736
9602140
96230
9534544
9463938
9564040
181819
9496571
468086
9556933
456104
1451
9600303
9545902
150604
160220
346383
44603
208382
9551677
9518140
218119
470121
337472
416762
9545762
177651
138179
233472
9471649
172534
391534
9565917
138521
483218
9600706
494013
9462824
9597902
444589
123087
9600539
160842
9580446
178360
142524
9556781
110061
267301
9591818
83990
495765
303155
9539322
407036
61905
9534231
497719
394507
487272
9505296
448397
324754
9561616
116117
133697
312290
374360
382836
128431
472070
9556897
372262
259259
9539171
496278
94374
153876
438182
9595998
169368
189313
465245
9466870
9560490
247214
251371
221951
249686
166193
330827
155980
9550354
416328
9565386
9598679
160703
419352
9545081
9571275
435522
450358
61755
9576094
346151
397293
9554237
267828
467763
95307
9574254
152482
175626
163980
422709
9490628
43638
105224
9485146
486131
360380
217741
9584856
91141
1923
9513796
330769
313354
9527977
428434
150319
173766
9593941
267039
9556603
472840
85274
251345
256214
247116
9487101
109864
178915
101384
402162
76023
67598
389093
181286
107665
143990
9590061
9596896
9583421
350843
360927
9597668
9579322
243906
475781
394000
9556381
167113
196943
464192
453691
235352
81439
388395
483661
9514888
370731
305559
199076
279713
117072
91301
260735
9602144
194056
302465
9592626
97183
59271
107746
417875
137018
9576851
348758
9519610
9476614
173910
385274
48309
379855
9511861
215988
480703
9515005
395291
485292
9601154
350695
300061
9561316
393134
280420
9470700
110617
110285
9508439
407945
349822
9594774
182810
399784
479427
204733
9580974
443927
449217
9541294
9515025
278617
302869
239843
9466360
9480024
9466169
9526893
9536649
160907
275517
214026
9519400
9575771
475636
9598968
245462
406445
9584449
436669
9505076
313695
42844
422199
268274
388416
352857
137603
239560
77188
197108
443158
9543426
9533583
262948
9492586
14816
9476040
475452
407807
439868
440191
9483573
81786
9480203
9565740
6306
9590131
397620
456084
415212
365109
253680
68945
173465
3847
9576
427973
335855
9485555
168747
134549
321441
286360
393255
162715
165512
417568
192873
9566802
409460
442091
9527320
451092
223103
413442
211295
9509384
103676
9584669
447522
9567068
91736
9569579
471866
9467669
308618
9504425
278057
410980
402423
9531477
170201
9527582
394885
156537
9535870
458541
99886
212229
107017
9561029
485220
220922
311572
429675
399487
9542429
327522
9551954
9502329
9567504
9563080
9517621
162793
355280
43225
10594
315200
123147
9566722
353229
157213
166470
9544439
64734
265257
232994
374925
84247
9484008
405056
361773
145881
83887
339959
111441
432527
164741
381051
414308
308143
290887
217160
247684
83806
147270
454303
482864
228876
9537185
452247
9558883
466717
114736
112086
383709
116289
9466876
9485639
265909
100581
9489403
201853
311896
270635
185020
9481879
278875
9553425
9471236
71903
487110
9486321
9475708
9599503
75962
79238
9552237
9591231
9463114
236068
9530905
9524330
216955
9574721
424528
372926
378660
209771
9514982
358688
9525486
51571
9587443
329829
42872
9480838
9569515
306931
494728
434557
9574299
290955
339318
8613
9468022
13873
9564150
64541
9590634
118490
160073
9497428
199976
9535490
283855
134974
9549869
379732
264005
9581886
9514723
9590399
453908
263988
359604
186150
451128
255715
167358
480698
9543305
9553037
456547
9470920
9499406
9532991
221614
175273
307181
430217
9469004
48032
56563
207594
104234
98813
479849
9520145
478200
91298
450234
9556650
19058
231915
366846
286926
283482
64619
173953
185868
234076
356066
183912
9498791
136858
52250
9563506
281156
9570104
81309
187579
314052
17109
9593943
253295
9587417
419749
9588653
486600
9584762
9581113
234778
156437
438525
164840
185486
9497291
9524100
259681
9592630
9535004
265747
158908
9572983
9462341
121064
9510225
9540509
136358
9562136
299979
454385
160819
418868
454557
192914
9541881
451709
377255
368010
349316
243782
444525
327255
441176
9564859
179948
177558
351770
232755
322361
399091
280714
411680
349418
425122
198758
465411
9525809
9502523
355391
261975
189036
295444
106843
241632
353240
293130
9553447
9580059
357975
47860
9511420
428608
96984
210451
386367
150140
458925
9533892
131737
483978
171520
266910
344789
9539129
211149
155086
305163
9505515
168791
407169
269821
9596536
9461961
9489419
454041
455305
15909
277281
9508530
318570
106863
247218
9538858
9596551
9568558
473000
9478444
335137
210549
9520446
113651
350961
89378
9541238
304353
106731
358576
317472
240915
482582
218261
156510
9597889
14418
9597727
162326
9502340
9565944
9491837
9477782
9571357
315067
9567678
457334
486977
401034
62560
407267
9594283
9514251
294633
383193
9517698
302063
447970
9539214
200752
433200
310473
491430
475782
279376
491945
485512
175042
56601
469299
322300
461684
351002
9485447
72067
138628
267509
337186
168878
347272
373812
9500414
9483102
9597367
399551
230508
9562444
196703
635
397819
374480
263424
171163
9588415
65785
457418
9586456
212900
9467368
137977
9523792
152072
104747
399368
203625
9589744
70087
9534013
146893
270960
295832
9600708
9514788
104473
251381
9594742
9593945
9528976
407602
189389
9510948
385673
9506063
334154
9601274
483245
245601
151531
9540215
9461087
130877
421729
9594007
64236
482690
9498322
9539612
9551968
9484030
73853
322602
341561
436560
68670
195282
270336
387491
161115
9586435
422418
9489483
348411
477828
402713
197597
309967
97026
133092
9571445
9578581
88324
181063
298931
358101
373241
189569
195249
9528465
114614
299794
378970
458173
91489
9471306
395619
115960
1967
198620
148356
9490173
6926
9502318
9554730
259322
411940
175906
294655
398902
9469533
160861
9530693
106439
384548
110584
100029
422409
423627
93553
9533624
100697
363107
86987
9539752
16262
9553069
407983
245091
9590272
9472525
191487
348227
9557573
240252
72543
165041
175344
208733
9507222
367650
9595281
232980
9539506
100424
453561
9554231
9582585
217254
116409
371801
9497249
9545678
489019
389617
241111
9530506
9550044
9485808
158295
403347
229707
313799
225885
9501639
212458
42200
9569979
308028
9493995
253388
110689
9532428
290845
447567
9551949
166607
295351
190738
333121
437708
118019
4927
18784
454703
312547
9544794
400243
258855
494616
145484
9502766
9601363
338948
280274
474934
183076
102814
334464
185189
9489073
9542600
9577709
110404
9528469
133142
78269
208107
9591816
229601
487891
356939
152047
9574933
9569630
398966
9600061
281925
207536
153070
425683
426247
150262
137574
187431
284674
288066
9593744
9504874
9502599
9583610
395750
9601214
293627
450049
410225
380392
471041
89748
179193
316613
9479010
336437
326030
9576032
419132
366162
390649
72634
9536415
9510722
278474
195912
9518565
9591610
223817
9467870
420001
9549721
49155
9591032
322463
167204
183628
9588488
9538302
325520
194771
9478810
345081
303463
244721
9583098
74613
392668
74104
9579454
9549513
111040
103013
256166
8602
9557630
9490406
144663
231153
9576201
311661
442136
9520932
9540484
462108
9461164
9576725
9598263
85733
9531102
473322
9601871
238145
323764
9559508
345347
200440
438942
135031
438372
9484494
435979
203211
9582783
9503257
9504828
497090
413044
9513839
358024
232229
490404
9490255
405537
9582802
159494
283379
251707
9560119
258079
365580
9571058
278766
127550
111739
479891
9479481
295331
9506881
210551
9467329
99175
9589473
256526
274782
354803
141168
9532670
9544014
9594565
9465865
271135
333527
255317
9521918
314091
267521
9513513
403509
119594
9542080
369543
461034
366755
123825
245137
298109
129993
126229
368998
181871
9492970
9535550
9524496
9578404
261054
5291
376161
55291
334419
390367
424296
328010
440673
477424
9582875
155516
146876
9575101
322798
9491422
118200
9532622
396906
353563
9593301
8730
9547010
219155
141961
292646
448749
184958
377170
457775
478186
338598
17816
9596899
9595296
9580232
9598963
5860
454721
253124
257980
9585700
13190
196373
9502853
246505
9462522
77868
431386
461288
271024
9601108
9461458
376696
463889
58029
9577492
170482
269851
85188
294937
258450
462216
9575413
9557127
1268
357576
69222
158517
9556703
9482456
187529
9587582
236029
99310
9472879
9462432
323782
9534696
481563
429579
307655
47618
9566153
9548481
9573266
9497654
107524
272598
303737
284021
88599
345342
326831
9469158
9519824
164608
296325
9537554
123468
73489
9532493
80881
355225
9584650
461444
400984
283454
171721
389489
367134
180702
355105
449975
106954
376868
455667
422381
9583583
484330
228197
77317
15698
164999
418229
275416
9601566
9500466
352641
468310
115745
9599849
9500237
277724
127836
360295
9519836
274862
338877
274201
84944
405475
266960
284792
330784
306782
380965
337632
9493056
9538925
342112
9468865
336372
9508864
9557282
309949
400930
9487466
9589283
207573
83772
9555113
189536
436758
466958
132487
9477067
475083
9597858
323558
205619
496253
9518596
9573198
134748
57512
265271
9530481
375780
349424
226909
9569246
308663
77097
411106
352082
320270
268114
9510293
82438
361718
134162
9509781
9602138
9496832
464317
339656
264487
299323
9492299
308162
9519091
244841
9487410
247172
9529729
219612
9545089
9510221
9497966
111162
480079
76067
963
142831
490631
458876
184957
9477246
104003
291369
252858
9463997
374267
194959
9542805
461786
312844
9504869
9575471
9579483
9539312
9597517
193293
9589866
438287
301870
314108
226044
61835
153087
9564511
167277
9483657
384618
243307
119816
420048
286382
390409
9586842
333831
250582
9572866
114497
258408
335215
98509
272371
9588074
9509573
99950
9498974
9487032
164648
420727
335532
143408
9478172
491508
158290
251456
389462
310256
6255
9497237
199719
383835
9471898
321041
406688
263273
388171
333676
9585809
395585
70064
9527439
9551298
9575160
104862
366414
9562562
9518775
9553780
270146
103201
116326
188101
9589511
306976
441241
192127
450482
9585390
233685
9602141
9494414
9497875
342091
339724
109845
324916
9578013
377431
311010
394571
479569
9496881
9540360
365877
291056
9585834
360955
178603
9462816
458235
251095
484098
350439
9556889
9585049
278738
17951
9462407
177231
9544233
427423
299284
253700
373752
275468
9514128
108933
166774
320730
296861
9495037
9574971
9551877
11378
9598495
447236
43631
424070
433499
243894
371095
314712
334793
305773
310062
9599135
9598286
114972
9559849
9599653
9541133
366202
425338
226697
261273
274262
119273
467320
100279
402669
316180
9492975
341537
9570263
469119
9521483
9576576
211541
3232
328812
447026
482167
423352
261206
94783
330056
350264
369494
9570054
482700
49689
254942
276823
9464337
379609
9536533
279341
94425
9572209
148966
300620
337160
107992
9491636
403008
282191
295710
347244
183689
9590013
9592885
469926
9535157
9499513
59970
48635
177677
9564267
9562246
9597936
211159
194204
452548
76757
9488279
9592089
372316
293846
334842
9480968
413672
9469054
409456
247247
9477891
9478769
371499
9549270
142981
229451
203575
9600743
305166
9528360
9600395
9507348
9463012
178949
9470616
9602150
440871
9535293
379555
9584042
372605
9461113
9500671
9510086
9481821
455912
412719
482673
331264
336033
145630
289157
9545616
9503502
9594979
153119
9580694
245577
494199
161636
76771
245032
382865
197259
9596242
9576814
231287
378280
140981
296996
9580369
456955
473186
155781
401385
9566563
281209
406021
9575560
243957
388236
63401
426899
284657
393243
9518547
9538268
409716
6543
9507627
9592113
417447
9501510
9601820
9518350
15211
373876
9552301
9466613
442416
9535104
342316
474491
113887
9587879
9520552
409305
308378
443143
9515797
288599
9548286
252791
423010
9574789
9580788
367670
9525667
9547848
430782
63948
225724
405602
9578046
381826
9579328
300840
256943
53631
361493
497509
469155
443145
260017
134305
140745
297374
230453
484364
390735
488953
9502398
5855
185557
9572986
258570
392494
307101
459600
107974
16000
9553104
399573
493412
433219
68736
58279
482872
9572896
111335
472443
9463864
9475152
9525202
245418
411840
351243
120840
9584087
9533975
9503233
9520807
295715
108889
9596578
296703
219772
165044
225178
363587
439526
9601264
451807
162361
369693
177919
165376
9597250
434189
287096
106404
172872
75574
355519
403596
42846
453674
76092
9466286
491936
322153
390051
9572688
404630
120280
371331
173479
245401
278385
9492999
121139
9574654
9550162
9518456
15900
94965
332110
9464645
283438
352262
92033
245797
291294
254162
417910
171892
453775
276429
256882
248799
464058
283479
9490319
9511137
55668
9498462
173059
479856
117011
93266
9497096
9534275
9494764
160701
183200
242992
295428
415195
80604
9533862
9536447
95687
432528
268031
9595375
9566255
9551611
444733
9464091
401716
311323
201938
250698
7360
257131
9545184
378951
234734
9497722
9569642
492987
9588563
177989
494037
238582
2013
266083
438143
309076
209245
344769
128977
9548025
9497150
435111
191006
106619
9524832
9533304
483219
267228
400042
385332
363017
386412
369011
229045
322614
444692
101721
9566564
269102
111432
480393
98193
53878
332853
18868
219159
9523447
9497315
9522249
255714
12028
9543770
349776
132161
9461981
138902
9522515
420225
223686
282261
9569821
120756
467760
143060
377683
80093
9585854
180893
234837
135537
9550653
9531440
9485980
258331
278576
9563972
9529309
261443
9601551
347488
9472243
9538541
9542274
232213
9469959
497619
45967
9516311
469121
19277
9596621
9511653
9485692
143329
371521
319019
370485
9563014
291253
238982
221902
396617
470856
9537577
115451
9470250
9484468
388904
285890
9570365
9477341
284309
9586057
9601847
267205
97515
302290
9569424
82989
365296
453607
194785
135887
363863
325286
178730
9574563
178907
9562370
406269
172215
473011
8850
417008
477738
371179
379655
9526394
106765
150010
121083
9602098
336556
9545838
9471453
299923
3959
450861
460942
392678
128745
69254
9504980
9568401
176028
400756
468524
155275
9505166
9526645
9593965
9596545
331063
444323
102646
452248
357060
9492456
83770
9516089
229088
258865
163434
169503
432082
360354
9559039
282073
141006
401669
359297
312312
307454
9505170
338070
9519706
9556018
353425
401356
482655
270732
171713
263984
9574483
397750
9489306
491056
9492155
178832
205778
9539459
105198
373618
420724
179462
203031
335287
408245
91891
284100
9505475
397671
235912
418011
412095
9518002
348370
9493123
219060
204293
169674
388206
89908
226335
80453
201000
358134
9537102
9509412
9520650
222992
9595021
301883
64357
141498
231883
360658
9535874
9568559
359893
9508520
237938
58504
368143
439159
261350
288174
218086
218153
137315
496296
9553522
9509056
9591268
9468501
9531383
9559272
411732
146680
9546137
117134
9573561
156051
486573
9516724
344640
169631
494931
9503829
135004
9525595
139813
496566
280490
393452
9601614
9541121
9499382
9597036
174702
385555
233740
496261
240999
183338
9577187
210059
460874
226907
261241
51409
298067
9506371
346794
243615
243382
219110
374463
422761
87891
335690
9501863
49349
68444
245711
409968
252030
318244
348684
9583071
380029
363518
9544928
9582575
97178
9562307
260300
363127
276529
348419
237405
199081
311448
88009
9511168
264082
9547920
262233
308670
9550631
9534927
264682
297865
9496702
358418
404565
9530457
187474
295730
9556229
488397
408252
159688
9497536
88809
9574547
108267
258943
60124
410826
46914
452287
2341
9509006
359116
200519
292343
199966
461713
330961
306920
422827
239839
9596387
115343
9596625
9503454
495356
266451
15215
91772
233714
438291
9501406
9482369
2041
358759
254153
463547
9504784
68025
425919
9555439
284967
9525457
9542643
97283
318266
93635
164760
314325
9522091
351348
340465
9557508
422216
412691
9592676
9479276
9557743
154841
175306
317784
402407
9462521
333915
440760
201870
9498336
363082
374160
414344
323936
311852
12222
315328
9515339
9544181
130512
140895
133781
492736
132130
436330
9582300
249304
55786
275050
166190
253716
8193
470728
494747
211486
123993
306302
281825
69148
114065
103672
9530992
384819
9596730
314324
162122
80758
307501
9465660
199562
89996
9518801
461518
304677
9502075
415300
82617
9515258
431591
145934
322281
234443
265479
9461122
396828
249683
9461787
415089
491083
9599162
9588469
9536113
9528034
83863
9593761
370988
9496579
9569064
9507187
269082
9483469
9513114
471163
297012
9590007
9489300
9504089
110266
118526
239032
9556676
9475062
9504533
423304
9549520
467205
373349
234274
9461717
9556132
9576914
9507368
307367
464602
301918
9498534
279261
126595
412557
214152
218364
469802
9600793
383115
9539641
199299
278603
9487317
293639
479162
76993
377013
9592763
339093
364015
9462322
9583130
174881
410780
494935
158500
232311
9479736
57582
125746
9514215
276223
65558
76059
9465546
9514582
9479491
9465851
290762
9483615
9594911
449425
487846
252488
9497780
432297
334999
146632
131271
9591936
330369
418251
9507833
320929
209675
422858
152885
9536207
315188
150329
9505154
235677
432800
9589100
9535826
9489244
272260
386305
9776
413826
9541078
9577152
358307
9469632
231491
9514516
241173
360806
9495904
9547992
449851
250099
450343
8933
9526233
9537547
385015
9497357
268325
310560
396196
9594481
230719
9582562
258436
398512
9590151
9756
9571133
479987
126205
472170
247363
188964
9572063
157459
405066
195860
96637
85735
482285
262683
9512838
109831
9502379
337527
130112
139071
9530122
9538335
255673
75489
165974
136847
43540
124124
9543500
443805
9587144
237573
93491
118083
193712
9518955
361575
435488
466116
352797
336443
9583930
84449
9572776
480843
123999
9595090
103138
107747
418426
212536
9551178
300229
345711
414536
268035
9477164
390442
9486332
377297
465311
76167
45487
397962
9578954
9579038
9578650
9527978
263304
258057
338233
102238
15844
489972
109709
330999
85594
75842
9591520
9531609
242358
9517913
112560
402772
9466686
247788
80000
51719
119611
312398
1662
9544891
325826
327947
199583
173114
9523300
110844
255298
149070
152360
150420
9602142
437287
9489138
158033
303195
9476072
90770
9512807
363213
9565051
9589808
69562
200181
222849
282744
9472301
203497
80657
9551571
470458
9472003
274998
9562579
445563
9599948
404770
332000
156111
295445
9527759
275677
9463792
9516768
239848
376719
447245
17182
422383
9481993
330960
9542493
210751
476821
269299
217919
9574372
9588993
216599
9543469
9586991
119204
89692
9530202
430379
9465716
197564
287548
417187
375173
89202
437461
9464458
382584
9523108
9599263
9563848
232560
390398
9747
191400
379155
9574774
9504457
353353
9565091
156632
386538
271948
181878
9478855
82655
375276
392568
9487904
114535
9501054
9514855
44884
332745
269249
9498400
19347
305918
122520
62170
9462010
9546033
310492
13529
158236
258325
9482267
257399
9546379
251658
106240
9477640
452615
478798
9594294
221736
288644
192582
9529064
199567
243066
218269
9541411
226166
9489453
332733
9600595
9585230
210477
9497967
329173
9593232
451108
490057
406799
490364
332064
307579
153069
366218
251938
9545688
463943
495717
412216
486724
437789
9471829
180352
9506376
7015
363830
154181
389688
461572
383211
73245
378795
9570657
9563384
411609
9597223
9538195
423594
319697
222876
9579941
449742
275937
9590963
75295
294632
455452
438187
9521401
266420
249241
359634
77680
200990
350902
9507002
457573
285312
155012
9522666
9488805
12611
497267
87916
363336
469866
145689
404713
9555852
353616
9602143
299470
284478
223376
9492757
212889
355604
9470801
474234
9524751
493783
9535042
9565095
9507608
330871
9593719
263272
9551016
286022
9583005
7767
138943
416701
9503684
9539602
460872
9597079
9571621
405008
9507816
76277
9537504
9546484
97890
54574
76642
9483295
11722
438541
314331
86965
399812
382350
9565778
362233
9586214
390763
9599466
130451
397472
9580737
9529664
212594
112576
9519493
9486293
363740
336246
435247
338648
401678
428637
169162
315914
390692
431263
419983
152763
379817
195325
9581288
9492459
51278
42972
118396
79622
247122
85926
156297
260095
102532
9561212
245805
484751
220033
9593066
494497
472200
324980
98547
236382
406222
431897
9602155
464813
109499
9556418
238948
101675
9466669
9462279
464231
9557314
9504252
9466484
398653
9581184
304833
9553029
392646
256407
168651
9597861
238108
273281
194501
490394
303897
491521
215220
9597631
495824
474630
383170
206088
13103
187774
212295
438315
173390
423131
414683
83653
9487713
11377
303683
9513504
9517574
367824
83532
156266
9518383
9576221
193976
384191
369468
390485
464447
9511216
226069
9540189
9505388
272351
486346
487938
305288
9528737
9496052
9506468
138268
445050
442058
271850
9483824
9535201
9494881
386794
9467818
234430
309481
284540
9548937
9496455
9597710
358805
488288
9598196
494499
300554
321809
9513878
1677
248549
479580
219843
340277
9530114
464928
357219
219537
333624
9541255
356494
428024
177678
9541954
177433
9522765
403801
222681
169684
430240
145827
219181
9573046
87934
345998
232853
294886
9512035
389265
249009
339735
241885
9464658
215682
106047
280798
488251
360867
463496
6666
149192
191663
217922
444797
216999
155478
186814
73465
347818
190366
9464662
479812
410782
334767
188451
52067
465343
260594
197335
9489735
475250
209148
9468676
173580
157979
9481038
9464703
305123
216917
159892
332623
9560353
9537035
395713
234390
9541307
364708
1744
303888
9508599
484798
189491
9506141
297467
9514283
287543
399947
9493386
408179
9514023
486554
452285
81742
285145
19220
261005
278591
9538583
306705
491268
9506597
9601364
158063
441407
9509189
423083
9480807
442741
210031
9505027
419150
144705
71321
207518
474619
9596557
347638
378298
9518918
72442
398641
273506
9504028
9501497
57367
9578037
9550508
104551
334105
9548839
9504907
493985
420470
9530970
357292
398457
280804
219306
371359
9500674
9500356
360932
9598289
334232
384043
143275
371330
9543671
307694
324177
9514455
479593
9519641
456040
9593611
9500349
9583667
9584124
9584716
174634
9564937
9465617
148941
9536942
331965
158845
9470867
9581445
356299
409624
9472505
9566314
9548931
9462130
378206
413579
9535466
355406
73170
125406
143951
154866
202852
9543526
9503505
9563794
15678
9526771
349252
9527035
9586656
253623
9597719
212527
322579
9548035
9466526
357435
9473659
9508235
8541
9600607
61112
9492986
418615
9594833
323979
9463824
9594095
174508
88237
316235
484003
281187
93456
326303
13939
370867
316986
9461974
18593
9505144
433487
496990
9513266
9547532
9566933
179003
283551
9485303
9530349
486337
133962
312748
95766
202878
9567842
402941
10065
9557467
160920
169745
346888
265809
9573590
9511266
191813
381078
419605
442071
9493738
9589710
9501912
3558
332632
9586503
9595699
384650
383570
253066
9479498
9597555
9547664
136911
155125
146519
9568458
292377
72296
9545448
443620
341097
9595057
204187
436693
93153
9570338
489164
285342
9555496
9461857
82654
6590
139326
9546827
60249
9507425
9587359
114633
176691
205712
402972
9591688
389243
9518445
222394
289060
468937
9521478
161101
416750
204123
347582
384272
9474076
406693
199084
373680
9483296
324271
9497757
9598817
377650
9550294
73829
335948
9539656
481049
182629
328055
319700
9522386
462522
307131
225648
418008
238956
123236
9584985
280837
362701
358172
243113
359522
96198
9563611
360719
420308
314312
120708
125794
9501265
211691
82254
354626
320407
9509584
90245
9546917
394401
397233
9569231
395017
13304
9549108
9565640
439562
9578896
414834
455882
9516949
9494014
139862
189406
303109
9545985
50914
9553951
425323
248757
9522772
196651
9515500
285900
292828
9586709
114034
9552487
293773
9527020
364127
374309
275752
410463
362927
227109
9563765
9482943
117036
77
192964
9526546
9545837
9479166
446969
455867
333326
9505118
7818
447671
479455
9573985
9468498
110544
9593181
160935
325382
9476335
181460
422485
9466702
9531392
9580219
9471383
184489
360159
252034
91832
9601776
9528585
118699
220021
350753
487190
9520966
9601206
9550722
141801
248470
9557854
254973
420799
143279
467887
487088
9551052
9494948
496755
177486
9593949
9519661
335878
328926
465880
484868
9474840
9563604
437551
9500015
136588
308097
9490139
9597049
9587681
264972
9515744
254371
9570597
9467513
418269
9567945
105964
61721
193344
391645
191235
274209
9509280
126687
9550006
320113
484629
149918
347972
9596321
376356
73596
184551
9536762
148773
180249
279405
9501983
309975
178999
474927
93831
437044
403967
230109
240633
436722
9523184
248421
397775
452206
9594737
183228
316167
405113
9566487
262382
9489745
432975
287578
269331
270108
9512917
103146
273859
49519
278523
202109
9504440
9506203
312136
47030
9566417
174542
9578108
258543
182890
9580154
9510690
188397
9464964
9594520
62305
388112
9579734
390638
228787
109822
9497579
9600431
409437
271269
283443
9554830
239432
276811
390808
256586
54094
461073
9572324
9538769
360254
9578564
9575022
308984
9531185
103558
245437
413117
42682
270621
9462207
415442
9527228
325754
148864
9469873
310233
9586679
291576
252657
9524070
474175
395975
493930
404127
265004
473485
319941
193094
9553752
488701
370140
9528074
9587865
314870
9572699
9602103
237833
405034
214569
9478020
151628
436210
297396
11736
9595552
9577672
9563575
295602
9471214
420260
377832
9523277
267106
9559780
384238
14277
9602148
234354
379825
9557085
207458
412405
9575234
9465358
9553715
203263
9502412
321261
487010
9481816
469703
122220
9530465
318746
259591
366190
88288
150751
403969
489410
9559303
9561726
302474
480327
452716
168648
9600065
281551
135439
254227
323714
9518825
85994
179607
200667
42792
9519378
9597735
289521
9494676
9482727
9525161
180074
9516831
271077
408122
443738
396941
9496083
414980
9555543
346134
412886
488616
9572344
9468569
9467738
123398
140652
77012
399996
139130
155186
9497246
135755
9597089
9579793
290831
130758
9485394
362460
9595972
9559726
197433
254436
380844
269746
182163
9506836
89113
358122
300053
9504573
264700
313825
80015
111462
9587392
157021
126118
349596
384717
9467909
354896
395992
9505165
417031
376888
405165
9597995
138707
320353
115906
9578398
365149
168763
294952
9594868
123372
9560799
352893
216420
340078
274179
465232
407642
116887
76367
9566526
190581
59722
304326
75548
9513856
96425
178585
361850
9586490
111112
492330
9535473
375387
9587495
315566
9475477
9497077
313816
102919
9530642
363300
424868
9463561
108477
260379
212636
9484231
56270
136166
9481633
86205
241521
9565180
167670
468850
168574
9510995
210002
91361
465674
9489974
260792
9596444
398598
9535124
218357
9557223
9525802
421397
257128
312083
204110
154212
9525482
301771
198738
348550
9493966
83187
58299
9483982
9496336
9521486
291908
257365
334817
444014
483376
176251
9517461
197689
474383
9499921
171299
103545
9563323
9555302
9590299
433629
8392
9547097
497199
88271
9526265
9473149
491429
91886
405626
9465638
9514058
241029
9541425
9546566
9558833
9473270
426989
9543767
44540
140707
9501597
9517348
272737
9596323
293934
155411
334906
84198
9523247
466442
463584
263553
483593
148168
9561202
425061
220627
9482950
544
174835
9588774
379404
480556
155441
9496843
141897
64203
225769
480265
402326
420536
145753
18370
351699
9510152
9522343
385882
407096
84285
412397
302519
9533557
232897
249441
143498
251811
9469463
449695
163691
276583
157660
9589951
9594961
9544248
266886
9564950
409995
270606
258972
9583779
9476445
255302
253355
9582829
9597862
145798
264897
475273
2680
45281
69717
9492844
9477428
486972
392768
426836
9558823
274096
415924
9584611
9600332
9550661
9508971
9480749
326154
167272
234353
344479
45441
10228
9497128
186172
375605
166490
9557315
103090
483632
129619
186738
9482305
322921
272590
271380
9507574
418694
9535448
9544785
9572217
9526374
9462884
9497064
243836
155075
9517809
328652
219984
462487
9584586
111844
114389
9579981
402546
412228
9528157
382837
127643
237190
9463791
302742
9476960
9595554
187399
9486500
302903
475113
9602135
191098
9581191
9580743
379608
54445
110861
9585887
9477796
433561
175697
338960
5594
214076
267045
9582284
396599
9471275
9523296
130377
108669
213652
472672
400889
9536538
60784
16328
9598784
301639
195611
9563195
16820
9474429
270017
172009
9555854
243690
303214
9595535
396136
302662
222674
9544387
462307
49336
167693
9502585
9491848
334417
175887
2597
302053
56183
191997
136732
9593892
192888
207051
9510080
9497794
101274
9472540
319373
9527914
9495329
9529838
463658
206165
194029
9538635
9512217
9486639
453952
266027
308691
262944
282595
113118
130294
204134
165748
9473809
370319
245445
401313
9542711
164929
274542
9549286
435664
238574
401945
9602021
9473158
9521477
66551
474922
9512947
461281
344620
9527114
342988
350256
172474
359958
281776
9531175
9599850
334052
9548723
188992
271607
281684
491278
9585266
9478337
9461167
451769
490891
263472
260275
115081
9481335
15421
48680
9483928
9504431
183149
9521138
9503145
162611
9598433
257007
146467
417129
9567034
9597860
9567877
9572276
475661
497191
9495903
276818
9549074
319345
77156
382820
489853
9598343
335374
9473117
9602149
341631
335373
252483
440045
9591625
414731
390358
9568447
363621
57143
99821
474960
376573
316719
9567044
479650
263066
189961
400009
193305
9548682
9520333
9464353
9595336
420054
9499551
453752
267559
82090
397137
265158
9580847
9595480
205587
9486863
9570604
9496812
82965
9600397
9481918
9564923
455179
305055
356397
220824
134692
393086
9523438
201018
104302
440379
9517637
161688
205861
194802
9587877
9524934
9542854
104444
429306
110269
9520138
9497328
493388
9577015
205075
274533
197862
492472
292030
118081
333913
294919
131017
9555921
9542662
91700
323170
192713
448340
9589660
281008
418813
360297
473165
9600889
326818
478315
486882
9468822
9544329
9529395
9494371
9545310
9565070
344591
437900
325169
53382
299306
448720
9494778
434493
9473582
150206
398784
421537
62768
159971
90509
456337
298483
158092
95105
424091
269435
9525194
9520326
9524443
244097
359026
9491523
9528934
9485319
429956
169210
484079
9568896
141124
9547446
164147
336614
9547496
107499
203399
9560447
305734
343285
416292
149483
48995
9484744
9513753
319979
306524
9546439
9480730
9492452
402857
9523535
172518
9583824
353437
414825
176440
9546069
9485171
306127
9588026
97766
117136
97197
147370
9589692
387444
9585103
9580754
198928
116424
112177
9475944
9467342
9569455
9513413
86539
163923
9589048
92060
274804
353418
278386
143497
9471490
9522774
197940
9601944
9524858
471142
9571551
9466125
9567291
75693
50128
190624
113513
468693
9567087
9584647
9529731
74194
9481288
467695
9506971
16812
491248
365572
9484581
175338
378838
295518
250206
9537218
9489659
9503522
432762
120042
390547
469715
73830
208201
390215
495155
300346
306598
234715
370534
373571
9594408
424168
126405
9583541
171213
9563578
223353
9478873
297720
392743
424754
18138
328974
415987
332225
9602137
9552222
9479804
9487959
234425
9596317
9560862
147788
9509285
9511167
459774
9501387
9517385
423636
194962
9564549
442565
141356
253095
351754
9592806
81818
316862
9585432
472161
159510
9527487
329953
199097
337412
255866
215579
187742
9491340
279977
9589656
105612
242790
201875
9573291
9534877
421466
9583891
9491297
9566215
131779
9505148
372668
173166
9550365
460652
492247
9492203
9574822
311756
240480
58222
433426
383652
441237
310675
9496148
9495857
391737
9484606
9588531
483615
11144
189813
339651
353795
358852
299927
9511227
227119
9482187
407730
9517964
9489711
387900
143078
9589101
68540
306489
205546
9554406
258185
9569987
263349
139518
299767
9502965
17691
496208
394341
445465
9515665
296945
467711
196935
245214
355107
51520
9561175
9507399
464488
278167
49777
481261
17235
353578
222267
337600
217252
398108
284488
9549326
442261
276590
144950
164836
417354
9591467
239220
182249
9551676
448923
9551501
9584430
201630
9589743
102685
124063
312203
233353
259549
422837
205106
67312
9482128
9579739
449458
9597808
358562
345104
379679
171670
369664
288526
221135
407778
471605
9535219
107024
280245
9594254
221327
409293
9542599
214315
200967
9559053
9599834
396435
454196
284778
483500
421022
281010
9600396
194375
309524
9533663
9594933
248793
9561805
247119
155500
151849
165566
361555
69263
9572336
9575403
9588980
75737
9897
9558254
454256
332624
131236
9519253
200858
355422
327428
9578893
9575199
16386
157705
418907
9506015
9520295
305561
9548053
420670
48666
376248
466120
9526463
300751
408349
105632
228926
9563144
9464798
149348
166520
293360
9495128
228666
9565132
494737
436384
192989
9498694
398408
285090
126786
293099
152401
242441
269098
404548
230334
296272
9584410
379925
263297
9509858
9491252
9561761
435773
396451
481220
9495324
9554702
9590721
9542895
326505
212986
94191
443030
17104
344733
164578
458727
464618
366305
9543351
118604
179644
308123
9461021
9582033
9472731
9577164
244424
9549459
9479546
221885
252576
245490
449580
9555756
9577683
292980
382149
8453
430432
424780
317276
88442
9574592
263454
9480445
9525639
485178
412461
163789
164231
9540699
44036
9599725
494717
324338
9580917
252092
419951
307776
175357
9549374
177350
104605
418216
319360
9494563
213288
9500152
9601394
174192
9592843
48617
383669
240268
141275
360202
323015
4324
229260
116417
404578
394729
389880
9521305
9498999
9577641
401310
383903
362464
279440
361806
363020
9518434
9526696
9473985
465609
176959
9572271
9521811
303637
459275
9550755
127586
202823
393153
130188
478451
364301
9590312
9576945
9536950
16971
9557171
107535
282663
9528293
383395
9590938
427037
9564881
9508091
237852
275958
9552304
198427
273648
9504638
254644
253696
420084
90303
9602145
9596425
9585244
9554565
162469
436967
9594014
341474
489600
9580383
384491
181154
317901
184073
333994
9590000
378527
336547
163067
178114
287288
63506
164047
291888
17686
9480497
9570486
9552041
440605
265655
303785
479100
9560532
307417
9533454
388967
175792
9597283
42343
9595629
246003
9495791
269886
9525225
166855
9550063
395330
72586
299066
9589458
197502
9461674
340382
474126
483020
9490391
129882
9573756
106498
108
9576910
342993
9487400
9585574
9599629
110832
9576796
262757
9598969
9504298
226272
357120
207050
263916
9601765
261255
9468444
9516498
139510
9552999
379334
381174
105765
276004
9558241
197943
312933
164212
9482622
9535194
9534539
436264
382096
72280
324313
220436
71691
245299
335770
455107
153237
209354
9538565
375837
214727
9575247
9487827
303333
263845
109600
9461141
335573
303278
225338
311048
388638
433808
240701
143122
9464775
255336
301603
9480964
426269
388110
491002
102620
166832
262368
320112
410873
397219
9466751
158838
422315
214110
277142
9501349
9540613
9586756
418614
463989
9547560
489620
356088
223908
354856
9574041
9557815
9575164
102402
76567
140696
201344
9570264
9525816
16379
218390
262097
259351
9542930
325428
439134
9596585
241011
9509502
197121
9462312
146910
9481515
16936
62905
9580367
65544
425550
147462
11494
446939
284274
107015
271311
7542
266496
490684
190639
320050
461552
9547333
9518282
9496454
99783
199642
9534190
99096
160553
416835
9584504
424350
398402
302883
9563391
9493695
9598844
63668
288759
218387
271799
133322
42375
9507464
109005
9527293
388352
9554318
9553308
9531736
9589955
460174
9474175
9499426
9571188
9597927
94571
9493248
452850
9585758
48038
334979
350514
118147
360348
346418
9516778
397276
9502291
285164
52216
303755
474020
9496835
9462172
228426
333925
9511785
9483312
266078
9478476
393392
389264
447086
458857
9592829
359685
483709
9543037
85500
344279
329755
9489344
472436
141120
420779
9579173
418552
9504142
179944
193570
297125
248285
292829
329301
9518063
364656
402957
135124
9522693
476497
9587002
380620
9586873
210995
69099
418835
425479
374278
454149
50240
300058
315226
289634
107270
369720
354416
361220
481803
9461086
9602151
366908
9522569
408015
9516731
423445
367524
481650
328381
9477128
128375
370326
326504
16937
9569922
463380
58888
266638
267759
9596468
196086
63988
193173
9560974
377936
407736
408435
286283
9491025
9581244
462869
9566
270301
448269
403501
9490113
377729
9550204
388579
9542403
246364
9500692
9494986
9592942
454701
381413
286211
4345
9465455
182517
9577887
417992
478464
9518258
249564
9580048
73528
77883
334525
9496805
9482573
9532948
297616
9576173
214197
9484287
262528
220641
266850
194329
9494934
188625
127227
106842
425636
9473104
308333
9517646
257482
385813
483592
227307
9530631
9531743
9588586
9473796
445123
9519902
421945
340096
326458
168190
274570
216308
359343
382099
10041
155859
143616
9529844
9462299
9588143
378064
258304
217640
296000
9462255
9601014
480184
392008
9500472
9483130
90427
132676
9536157
398695
9583882
254556
9587333
9492012
427996
9484025
353722
9584990
9507119
9581788
462018
403367
9594905
484331
10886
9561115
145906
178379
9522962
209205
360452
126677
9497646
9508051
445330
9571990
4145
9493586
298425
177403
476675
432328
224440
461753
195985
380912
310804
9537422
402024
159571
13780
164333
9561476
9544628
158165
121978
197090
9558950
9526782
54371
93518
215409
9500495
168595
176290
9573849
215047
97219
262340
431211
408569
229243
9493275
397062
406771
9534708
285126
174169
485614
9493004
240686
202562
8726
9514744
350168
133477
160042
171791
9534757
125224
9567376
9515045
319812
483017
278274
9580547
212512
352965
457302
289956
474914
74386
9464218
9491706
174164
496609
131816
18496
189829
195266
417120
90769
323053
263597
9529239
399303
9500596
380765
494303
54994
465358
9487637
181418
225175
146859
9584220
9584494
420070
9481112
136854
9554114
9523818
9526034
247334
2320
422640
9561199
464280
162555
76860
9564467
110037
9595383
155527
471800
45429
488811
258604
9585799
9477209
412565
1136
248738
489084
489825
9496530
64231
228716
344232
336399
253471
9556861
103248
101462
9487506
318634
401494
9538966
338478
296955
9476717
81477
309012
18665
441354
9530182
169167
79624
258069
427618
432203
479472
295719
331293
9519446
358631
377183
9584795
117491
15738
93453
9522867
379148
17292
412795
204761
175424
471254
162592
9512511
9591370
210068
79922
130620
124538
373438
455122
9590750
252333
9483639
9483369
464973
238661
9462582
302505
9598591
240843
220023
9510160
9553749
280711
403048
173907
140069
174500
219460
9525201
124539
9581797
368858
197355
8039
216146
323854
9533813
141170
402700
413560
9541074
83062
98499
112749
9538194
9594757
9530520
496235
207186
486066
9559459
9468789
207949
94826
9547114
78079
17696
384773
9517939
1839
399955
351737
9575855
9546356
444836
9576465
473141
9491457
9495213
471465
9525899
9517936
388251
9589928
366721
180018
452044
199794
9584539
9474873
202478
9536791
159553
249554
454778
9530571
450677
326004
289806
413525
9500383
9553657
120338
367409
129565
330576
119390
405177
276676
453393
9590075
49557
294876
133749
194565
342690
9576016
207812
9594751
9571322
315560
432995
470199
9585413
9530805
176046
197036
83476
381234
9568554
171859
413794
273094
371247
9514097
9594647
9476645
9536245
141741
159525
128430
451443
90014
9555390
9576233
339620
9601191
110084
9590318
99947
9481295
166076
167118
11555
9530760
417494
9462528
412920
9566281
150083
256336
378045
9491820
456492
82513
314642
285421
79053
104579
9581627
411878
233267
450224
9581926
9571508
443422
163928
166062
323661
9547915
311603
320360
9531300
9584273
323889
448455
6189
129469
454026
192542
9570345
139371
9594613
9543155
389525
340796
9514979
9479752
9537875
496874
302961
9583549
9489569
9597915
412071
139838
373794
130615
357659
9578263
453983
9537001
122310
9551365
279949
224070
9590970
9557445
78500
211926
9566983
116156
2627
9553956
9597922
9541468
274814
234356
312022
9566839
270015
9500589
9602147
307234
9598090
402372
9471932
463385
483189
248073
18293
404066
9514081
423141
9602086
9578627
356640
9484980
334500
494617
9595437
453838
469971
9538657
144715
9581163
180840
9497409
258993
8434
9495119
411651
9502861
395161
9581142
277177
9538957
444771
9539669
429483
9559580
246493
135504
9544552
184642
9488577
450342
9498095
352286
299639
401838
9512784
9515375
245637
423744
302390
9574562
77913
254185
171120
136279
388689
9589066
271645
295728
9511922
9559390
9531124
9601900
377908
405236
218464
483594
244044
210614
309935
86546
9475070
9578806
9567062
9519169
416544
294931
381633
189577
384151
397465
83286
376541
9593169
421404
193969
394535
9565156
462167
407264
248553
9507430
9533844
282336
9601544
325214
201912
82206
62404
9601196
55525
47314
9571213
9546228
234168
9544221
9601731
9494788
468147
51718
9599426
105255
397480
291213
292670
433896
9552313
398681
9594391
9521559
9545008
9541590
234716
300295
230961
413626
250789
64591
9577819
406215
398974
345726
485263
373819
9492185
9581644
296975
379822
9570855
9529338
378236
195871
176189
413994
9599300
358670
9537016
290813
9582998
9590352
155635
7312
329791
407725
434582
63990
172614
9540460
219748
261007
353793
16166
97367
263246
421579
226394
335372
8843
458734
425558
396630
9473476
353126
493637
477143
424684
78785
9469678
201914
496806
284883
18030
397442
9487837
222417
178010
425472
262494
9593973
9542674
9573314
433700
126636
304079
9503827
220642
9561190
9472939
9381
416153
74863
251883
247604
407878
433537
426272
233265
