9464125
446483
397620
322296
424382
347827
283476
9542429
9596250
393243
487685
9571322
9506592
9482930
256220
9530469
138267
350974
9527240
452248
475782
252552
278851
9570911
241029
291990
377007
343093
281551
353985
424444
208356
269199
65080
9468801
9470616
9566740
9534517
469941
157912
249341
334196
9522386
194865
450861
371891
259322
384082
360806
169857
197402
9532484
9507946
143492
257384
116483
456616
8788
9590373
178103
9461857
254955
9514512
315560
9588737
9576598
436472
299299
9553951
9499005
9590130
9598204
401513
424140
451257
9490786
9494503
9592829
200846
9554721
107031
494676
9494325
390808
461246
250567
9468274
9570657
9477272
473165
9475141
107509
339063
330871
418557
461118
9550365
252291
9474660
321809
9478161
9584856
49638
306570
9542662
382843
9586494
491455
143479
9598844
437490
9473582
376150
9601309
9487032
9496738
9509805
369454
372755
9520467
117550
491760
438545
85148
9571445
9538565
388159
414172
9598088
221334
432785
410006
9577819
268526
308540
9504431
9521971
284986
266778
9479135
210534
9568380
111595
381805
457572
9496336
9511137
9461369
334542
195935
386538
9505352
464688
9592885
9533567
205585
265777
9507806
130655
347956
260787
9492155
491806
448662
260561
497799
9475864
354039
9597132
142036
440200
9496096
359386
247116
253355
231817
400297
9597332
464231
9548485
9535490
9545985
245711
9527516
9492586
437127
7767
475083
399789
168790
216805
297396
371427
9547501
137195
9591969
9474267
9561309
232780
9513937
283846
248081
323743
171520
9590805
240625
9491361
9522343
9476040
487923
240436
353381
9505623
9516032
9586415
283584
31
87834
360304
12274
9564549
189674
496208
10043
251863
299928
374480
9560862
9599933
400845
324935
279727
9564318
67298
9514035
9574590
474331
72301
306736
203041
9504298
9466296
321773
341545
9471829
461737
260949
223895
9525472
234355
9587346
460227
462522
9553480
9502318
396699
9544166
316921
423143
332161
443422
119101
9569246
245445
171192
345998
9508964
407878
51217
223908
238866
9469188
9566153
217506
104444
317670
138106
96993
9481993
363863
313866
201853
152799
9568106
9474824
444692
391597
9567062
9557783
9473324
293840
334118
406343
15015
294562
262197
9547155
79
9574547
298390
478112
449538
340076
9470320
216220
367557
188556
318148
9522303
101720
440989
466329
9564296
9572336
9576851
258436
9546883
9589808
487443
342265
9503384
203306
436264
426427
63988
9464798
344961
322859
175846
471006
194813
9516311
348169
9532724
371330
456693
9492366
9530805
10678
238679
239740
9582149
124619
403969
9585982
9538194
260525
9593181
404368
9540469
9470801
390189
469119
9507368
9574976
9546958
209958
383396
226909
62768
74064
9567923
9503359
496235
145689
126394
9464238
269857
9543485
273551
9502740
490678
137160
234168
318266
9597206
9589229
310012
9505154
323709
332624
322415
318925
9601722
436954
440390
9597936
103871
345309
9579695
275413
87020
9513532
160147
2928
123656
251930
469707
417992
9568558
448235
9493995
9543469
240915
340096
380743
9531175
247990
183105
244847
74252
235846
160042
458857
9577443
9590474
9509790
9548350
226503
9502940
395161
9522249
9489138
200926
9576192
367960
9547209
9601637
279013
243338
9571184
375367
9543926
278391
398681
424809
443112
327108
9574982
9572530
9543949
9547695
262948
9504521
3977
246939
9466056
413672
439868
414675
392887
204776
9521558
225664
389092
9522481
101413
9563594
55088
9569922
319345
9475520
9523438
78632
9558130
312867
422169
308029
407149
9470700
258907
246253
9556751
9579038
401569
388771
285507
494293
400379
458392
272801
344604
9601006
9588472
405078
452771
9584359
301889
363434
125746
412935
9579981
9499328
9579450
143211
8695
203008
52224
9598593
9588571
9506144
61181
9479326
240140
437572
496355
280090
485523
242358
66551
9464695
110921
267182
9538970
206724
363076
9515636
158375
464662
296079
116688
428434
7965
9554769
202478
292343
9569201
488506
9589876
383920
442027
411878
470458
195836
443927
148580
44702
9552500
9461323
417369
9592776
9558017
274098
386367
74348
348170
9597915
374253
279970
427399
9582669
335374
260365
186150
241125
331298
9557815
325097
415126
405034
298970
375669
243069
107338
9470502
9548164
292646
9480445
9590785
487954
445285
75551
211146
477714
9569904
9565095
9477983
370382
290651
9530724
9471728
9490912
9549009
9478808
126470
352082
433013
215130
354963
9506041
9518251
325262
481677
101092
240895
469531
262382
109831
9268
185251
9540992
9594522
300930
105290
312136
9469253
414305
9556477
268904
9542272
9544877
9542493
373510
81309
268956
394517
9522299
438799
49604
353753
9517117
9561029
108035
358818
9601588
461174
173268
9519567
428863
214039
9602021
282840
137648
9583421
290402
9467214
403420
9501167
399551
9535104
182586
5855
140033
153210
431599
9513753
228934
9487637
284708
204873
471290
464712
9499927
483525
87891
9470250
9563545
214569
9476075
441815
353810
204120
51633
333119
313825
489064
9594234
384291
168540
203263
252858
430343
9554069
132045
285126
9484442
385407
352399
9596311
344983
141379
366696
283544
164760
231764
9518456
303757
9595935
15693
9559552
9504932
274029
9496818
377119
379609
295877
9595716
463077
9480807
395115
9529729
9577919
238982
9552487
325956
308388
9533844
9565944
9593744
90689
234354
475389
227050
442957
112375
393823
494616
9575473
9505702
9579734
465187
155165
46444
426447
467873
241555
335095
146943
256703
57828
7070
9594477
466775
295142
99416
169099
9585266
277724
262233
467695
347071
9466976
367129
238981
9602036
465906
399303
53698
322359
9545141
9601312
241143
9534063
9512076
9525004
410779
388251
376213
9589309
9538335
9469882
9514826
433016
9524756
205708
16936
121083
396449
9586656
9595021
9583604
9515226
9589660
234673
366246
174702
90154
197241
113226
178343
373027
9600774
183841
9488321
9508406
11241
9480111
9516696
158324
345450
228876
9496748
9602029
360023
9540648
9462558
342993
489539
226995
250463
277935
161761
9527759
295728
442711
9522693
9583606
401735
9582916
9506151
247604
9475716
301639
9525225
9464490
9494391
70093
92767
463003
368821
9601871
418216
88837
311666
431455
406821
9522495
97624
307449
469121
9557314
247558
268955
4345
9503169
9570824
9489401
130492
8237
103180
79844
9544902
9574270
100702
79922
417793
9490281
129630
144950
9525899
444643
392594
114730
331264
364301
9519400
456915
9533597
9564522
9518674
73040
242574
146559
357383
426940
9594294
9520138
135860
217735
240726
9533457
166470
309651
9596811
9567809
203249
425122
9513392
252925
76962
359126
9468393
9587365
9579245
9528737
382149
264437
303295
295749
9544131
172978
9594728
195801
335855
406452
3455
189716
350514
101890
9502329
419025
272991
372009
9523246
165322
9581110
9531791
391
449409
225885
300504
410115
103482
472161
9483501
9523275
9598337
344167
9578954
9590000
264822
465230
162894
302505
9500815
290833
251938
308038
164139
9545408
9506082
70087
61309
45873
269835
9507013
370727
9533470
9573928
347220
344279
392846
336486
438187
229815
388108
9512035
261019
9558443
476542
9525161
177199
9568541
285853
356280
9601199
233055
9510974
232897
238574
465205
15168
346480
237848
172009
203211
9579793
9586578
73617
378121
288436
340424
145321
352797
9586233
298216
158845
12297
9549721
465021
9561835
9572209
9560876
53091
150388
105503
9566
452885
207311
364446
9598995
288548
203497
486131
344733
422973
129993
379927
9520333
9600758
9544475
266073
9582639
9535049
4804
9513965
301870
9539214
256874
256214
9511795
9464061
280800
186154
103708
9572344
391411
9595334
494521
9596323
374884
9558304
412095
304171
9588487
132301
9565862
167255
328926
9593794
228511
340129
9551676
9526973
9566101
9536599
97181
237810
245091
150211
245032
9593066
9598286
214644
438291
9597487
300066
159566
397962
9469353
382836
404994
353286
285825
436560
383570
437944
375118
372861
434842
9499763
4269
328912
9465546
9559027
9496977
9533199
443738
9540013
290232
371127
9465595
152226
260698
9560868
9496555
126780
150604
403269
9554509
9517698
9593534
9592880
306705
77799
274590
132387
9563323
259591
9462344
213470
473485
173552
483017
494735
9572034
374491
9586044
9563520
331811
9589098
220023
9584218
482994
9557147
103138
424572
9536572
383217
301751
9485149
9573797
144522
306249
176326
9496744
398524
333580
209354
9463114
259103
9588440
472932
146467
268210
9488977
494025
214164
482410
9514123
414496
379925
314334
448085
321621
9501597
107554
399871
288924
9546069
484245
478451
9579911
413261
9501662
9551413
9597298
9559231
270764
9488841
9562505
58697
165566
9535094
332623
9570157
415924
186185
405459
9597808
16645
9545800
199142
379337
381807
478607
101573
9539176
9577719
9490749
286406
192217
103802
227119
189036
9521128
240160
66603
204361
9567348
364648
46804
388156
266366
17800
412216
9498791
480851
9510934
220416
400631
402593
323187
371460
480073
431142
253700
115745
9581917
9493216
9504869
9566826
197458
9565749
278576
253680
9596446
9542643
9554494
336359
43677
9570660
120260
373918
19247
439926
458172
293427
105765
9579941
194249
373311
9576468
335373
46293
316630
178081
9584934
274446
9471704
9472301
9553657
413798
418091
9510243
9598968
9549007
9500008
185345
196912
9489459
333816
9517829
456133
405606
330424
146632
9521010
400314
317639
9580115
326956
483615
282785
204388
9497328
282191
439744
343413
9477922
9507666
262337
388171
212512
274963
488263
171783
111000
358562
9585385
18258
9510596
468147
240999
258715
9592159
9581926
9498841
440552
9595366
76762
151047
131394
9484979
9593740
9502091
9548632
364848
338852
138704
9589100
9534737
250021
294199
9502554
199076
282622
162204
9478476
9501726
103313
151404
9588149
9577961
9570713
9493816
456189
9578818
9491117
155554
442936
306247
9598389
435628
9556018
9574674
492046
76
9585788
439260
9558074
10702
435822
282861
9511048
9590681
9581999
174449
412398
398755
488251
9552799
110652
9522666
390487
353670
414554
91704
9601072
9560768
395748
489072
9576579
9490534
234650
9537310
9489735
9512691
9549526
347023
9543559
9574091
9577461
145621
9559398
9558950
406121
376566
375396
279967
479876
150716
121930
232635
53977
188189
220245
354853
342112
136611
361018
471454
9602165
9588488
491809
496727
343123
9576190
14953
394116
480875
196703
9539074
9546789
9571637
497090
397619
9533299
474129
9483615
410285
242419
391855
230453
68956
367409
378006
119918
346752
424466
9596838
76379
9573597
9549467
478315
184489
9554729
461296
263283
242706
176198
432962
75838
9554114
9573213
357870
186676
256770
496069
63541
9590394
9544076
113957
9585899
458541
168297
9497757
9466008
307722
144021
410826
171713
101462
9595336
6876
200671
9502138
9568438
397323
9470613
92021
14665
9525482
196973
271311
381958
497399
9524670
9593178
9591082
384116
103545
9482561
359481
468562
364718
9563430
9576618
496901
243648
354477
9578831
9555854
158929
9549967
9511216
156786
9557779
118569
288221
268412
466301
239046
443609
314434
91518
480079
9516557
9571990
9596507
194189
487527
9481443
170462
401669
9529395
423237
161832
293953
9502782
9572476
9590904
219110
9494189
177103
9462562
119795
9579739
95261
293314
436145
9507742
9598263
60988
16490
244019
477319
209875
9587359
294655
248829
9461155
9469765
314729
257921
314331
416533
402600
378362
9579322
176476
9586145
170347
9562515
480868
153519
9592758
311781
173605
318021
252127
258332
371331
9556015
9565326
487246
387652
386005
9555421
173178
311013
213586
138988
9584497
200483
299687
9548931
109625
242188
437898
76651
259960
173059
9538552
420591
334029
9462294
9487713
183613
9495329
9539663
252324
9569814
9533082
230993
44425
88277
9594018
317173
438190
9542912
476794
1748
284018
369080
471086
9595699
9538125
359124
390477
119737
276004
239220
9534460
9533779
11079
9528661
418371
66714
230734
325009
374517
9563190
9578791
325829
9116
194991
93166
9276
268851
414618
289733
92711
307289
354928
9533293
9593616
431058
9524926
9539694
457775
424571
9492299
9508095
9584430
9538907
9539171
213393
9556311
51214
544
464910
263998
302666
284268
9568716
173580
124342
242986
486568
73596
9599573
9599571
3295
69138
347951
468386
9539850
9584986
9492710
9568436
9601779
488270
99582
9519116
305286
9593796
414897
405056
51571
205153
278308
327299
342337
9505432
359297
290994
111196
9500674
159688
349670
9595584
65366
335375
50034
9519189
9527645
220166
9531520
9601884
9475060
332689
9512412
9584576
60410
9533540
9545069
441924
187555
9528116
285164
613
420
292030
336010
9599312
461026
9587445
251203
9477712
215963
9491837
9476007
388325
362705
360574
175906
9572558
57143
9560277
114137
320929
197259
9548025
398532
9535219
381578
440506
9489403
9595709
288990
9505659
330654
308580
363678
471256
356397
9476814
9597806
141120
388809
9527129
397750
174085
399812
85733
365206
465232
9595375
9491307
9562562
9581379
9503906
317136
235043
9461370
9601155
9600993
371499
175921
9601569
267093
9539729
9600281
219748
372189
357492
9591191
461552
9576886
494637
234804
9596260
9538195
9600011
88009
9595337
391282
308309
9591230
9551328
299030
9465660
377214
370140
9528216
205075
260236
9468026
9532400
229697
9588415
111988
259185
253758
9585627
405008
389617
9461219
48209
9143498
386243
206210
212986
327242
320925
370793
497936
9575215
402957
186393
224430
91700
9587627
400091
404527
9574696
202287
9520765
246512
9497833
403501
493336
9599948
223261
9544542
9563504
400060
9598266
9513567
165108
214651
390468
312780
135031
10581
9497658
80898
9580950
9554130
9560119
233267
413047
216069
322216
458775
110683
119972
9592212
247057
328120
164852
322837
9499813
9601400
9526696
81383
319187
394000
8257
139015
9582174
9494924
9503157
218271
59645
9574961
285382
9558609
192638
299345
394906
9551344
9597403
9534539
435488
62524
187424
132360
404020
42343
9540896
9529064
389157
224366
70850
106356
9575584
9578108
9556936
228197
9151174
9577941
321526
9571136
255454
333913
470015
333994
217640
9507430
234430
9587513
384326
452247
52150
9489847
9540460
9496310
234274
398902
307902
297099
242790
10968
9601571
370158
9596545
9522569
475390
469081
9597620
474927
399878
9468250
104005
9512933
368075
9540564
404990
415743
314091
358571
264901
9531300
422848
245340
360268
402162
9592763
9478855
267548
9466667
319373
9584124
9469158
260735
199674
78867
428944
78858
393448
104282
56054
9555856
188808
365679
344479
250082
495824
91204
225170
118929
254263
276742
484433
9585834
490172
439754
9522385
9573445
337139
9542711
380546
9499921
117003
9569195
418381
9576587
357824
9494581
219770
9465627
436361
392321
413084
394469
9491517
397084
458621
9569242
9500414
494464
445992
89359
9551339
9580200
9530780
266975
430131
409947
271839
432963
169684
274814
9601288
279024
9563692
9558376
9569821
9501754
447927
9490437
207050
413525
324220
9510205
405165
163717
308017
9590152
243625
9575301
386952
9533865
318634
315914
380912
445049
9511227
403967
400329
359235
9596331
178566
9504947
400773
9591520
9515188
283768
9935
435091
300754
121180
9579968
432460
107524
9465510
9473659
9540330
474071
12584
101693
420340
9598594
496413
9496564
9471947
9551299
9521475
285945
221902
350030
204694
479569
9600010
219159
9500119
9549848
9597144
319448
156297
9487922
94305
284608
9597142
389324
258556
94738
9551677
16984
336443
256013
266384
208223
202521
225812
14709
9597745
392489
52133
9513535
122046
9584494
9484468
239536
9523859
9600582
66921
9548874
9475753
9527439
449274
455529
9566829
454778
494506
70330
9602103
255714
305944
490229
416762
9553126
394501
68872
486621
463291
263171
363568
324126
9537922
413445
300467
169362
9482290
110507
335676
268770
268663
9531036
137603
366889
9550594
9586490
221152
9567034
398784
129190
370840
494707
9576465
158791
9583940
9551949
9556938
197335
9600595
260053
2013
455717
9473348
80829
436974
9556537
411815
9468045
9461548
9484030
269821
192191
9481040
65792
174437
214152
9521138
9491529
9546639
9584362
9486506
9557223
347772
9528221
379639
352544
14819
9566412
370291
388565
384114
162465
406831
456620
456836
9578150
12685
9500381
9470999
9480120
299073
333624
462472
66473
16820
318493
256091
442037
9533558
160920
429
467042
9518671
9468286
490638
9523721
9556447
358798
383835
421022
497110
95308
9539677
9568331
68161
322350
219194
9572498
413828
9464637
401404
9499685
301608
9582722
335903
397943
290211
307616
212785
139577
123897
478710
426276
262569
435897
9490661
9598595
9584534
9468775
388281
485409
9482943
9575560
9559230
9499738
149136
9601108
391333
248337
9578710
420470
266078
200963
9556007
493480
9591880
267759
479582
167877
242745
399503
358307
467952
9568361
194046
9553333
9492232
413090
9490556
9570287
408456
152605
372478
9530494
9514849
1673
463388
302903
9574707
262002
9549611
380266
111266
450199
1093
409995
9483336
9543811
9494817
9514128
9510319
449742
251202
419132
9530737
437926
292531
9556381
9487160
11726
345802
9466108
202874
9527228
349043
108889
274954
10536
9462322
9573100
9592531
315857
9591264
9539895
395817
214798
9570950
268133
148314
189626
466772
9566788
9600446
395818
429918
9471379
9575022
352500
303663
9539129
9525375
9461974
138959
9500356
416618
362113
9513110
9602168
9589830
14990
439568
9515744
9476258
9505907
362606
430014
49645
194501
283439
229219
278875
397442
9513796
9590151
357132
9532689
392331
479046
274263
9601343
492330
9601847
331341
9572976
298456
9572411
484867
97148
9516252
9539082
436967
230633
9572794
235352
267685
9474263
250388
167805
9582033
370113
259338
482052
9478216
258614
458843
396641
432527
496507
280490
9553057
394628
54076
342611
93487
393912
203326
70178
9598948
400022
9467603
463344
9516877
306782
120364
58349
148744
70141
9532843
9502967
88237
316294
9461966
9599616
323053
9534722
83479
9592866
456979
294189
287909
384818
136598
445516
9481366
255210
294632
9587867
434460
9585036
50863
96613
438319
12282
9602098
299524
9588724
9504593
484340
171506
9523607
177002
9570474
497668
154797
402407
9553260
4930
9480216
67064
174789
325833
99886
391396
57194
253920
186547
9511168
9596220
9477030
393621
406916
303210
441231
9592682
215598
379608
399949
9561665
9589283
240633
1133
361575
10706
9519788
9485516
86199
359931
281321
256651
388146
9531497
9587629
302497
243498
155275
96066
277233
238338
9541125
9600395
295341
9601172
9556778
9541217
110267
430279
9556707
155122
353752
9524221
470852
87119
9541989
94191
9597817
92797
9542403
348773
9567663
397240
322612
483277
9552965
9560073
260883
265005
69855
9485242
9566828
9594694
9503042
396313
9470340
251684
183689
314926
81926
137093
9469863
9477111
123372
9546737
9485692
104399
9579688
16185
497481
9544014
9544598
430297
248464
199507
9477078
151170
155391
9472088
413526
370225
9544891
401446
9557315
370079
9598386
9467228
70757
155859
47636
148418
326988
406761
9549299
9491596
141212
135755
227168
9583442
320230
9574017
264972
61381
9475069
9466360
9563171
490673
9561212
275185
9569452
17696
241396
367720
9490255
9562237
386412
406230
470181
250486
428492
9602138
80442
218153
9479770
237624
393679
9597049
97851
9518487
9512159
293964
9577187
256008
481601
9494295
229624
9476188
9580088
9545505
104562
265655
9521559
83549
9533790
494743
117215
161130
52560
472267
464489
353657
375262
9554129
105897
9481529
9534883
82445
451443
152529
8602
259477
133599
9465267
427311
417802
9598165
216650
139359
334852
108028
9542419
9548053
278758
9488706
433108
175357
9538550
445125
458173
9504904
9504588
157479
446876
9587213
360832
9505166
496429
398271
9494151
9597735
417881
398834
9499107
203785
9593761
381689
169632
208171
9596498
179948
310313
307752
